1000
1000
600
45 55 13 28 38 8 33 43 0 3 43 15 9 3 12 3 31 50 11 24 42 27 20 28 8 43 11 33 1 36 6 20 43 45 56 14 37 6 39 7 7 52 14 30 28 53 40 13 56 17 43 5 29 49 37 16 52 38 24 19 20 13 58 23 20 15 46 43 15 20 30 43 50 5 22 33 57 31 37 25 18 26 3 41 59 1 55 38 6 54 38 49 56 34 13 50 20 47 21 46 39 42 13 53 21 42 34 22 57 51 39 52 13 48 42 27 5 6 23 28 39 57 57 58 5 57 11 17 12 31 2 37 4 8 56 8 8 31 4 13 16 3 58 56 22 47 17 0 11 53 34 5 23 34 36 11 59 48 13 0 23 7 40 0 51 53 47 47 28 1 53 22 26 16 54 11 16 43 36 31 57 6 55 32 56 21 19 52 30 28 13 15 1 25 48 21 29 43 23 56 45 7 37 47 59 14 40 31 12 9 30 33 2 41 58 31 56 23 20 0 6 8 49 26 23 3 18 13 16 52 34 26 34 41 15 55 35 44 54 46 17 56 48 33 8 13 31 37 15 3 29 12 23 7 19 21 24 24 1 50 41 45 42 28 59 36 48 36 21 24 34 3 55 4 18 12 9 43 50 5 24 1 6 35 13 16 49 56 41 21 58 48 24 13 30 28 41 31 55 30 39 48 39 41 27 58 43 54 55 31 28 45 39 10 25 34 51 8 42 35 5 0 45 46 41 34 26 9 59 2 29 30 3 9 45 22 44 13 36 46 12 13 27 16 25 40 0 28 3 35 19 42 12 43 21 9 12 30 34 51 13 1 54 19 31 50 21 17 31 41 45 20 58 24 45 14 25 25 15 14 11 24 26 58 11 21 11 28 52 46 50 34 28 1 6 3 57 21 49 25 47 58 53 53 7 18 9 7 0 41 32 47 36 41 57 49 10 55 6 44 43 45 27 42 3 13 12 39 38 48 3 52 25 21 53 41 36 49 7 23 9 26 5 52 46 48 58 40 59 20 12 16 0 25 27 46 7 57 41 17 51 36 14 33 16 45 45 43 9 46 11 22 40 38 14 48 25 38 23 15 8 4 19 57 2 24 52 28 55 50 24 53 18 49 22 0 4 22 12 47 50 36 5 43 30 24 25 36 1 11 31 23 53 35 39 58 10 47 37 11 43 3 14 54 4 55 39 1 50 48 15 35 46 41 18 4 42 57 52 19 42 22 18 2 53 18 17 8 37 6 42 43 12 16 11 1 56 45 13 28 57 48 25 8 39 31 45 45 9 36 23 6 48 4 45 54 40 16 9 47 1 1 23 40 18 21 3 45 52 36 8 17 49 25 28 25 24 3 5 56 42 53 23 41 31 30 42 17 51 49 43 42 43 3 53 54 43 51 5 35 7 32 53 8 11 48 9 47 8 17 0 50 41 8 40 27 58 41 55 41 21 45 2 25 31 13 2 26 1 9 41 22 32 41 51 45 27 11 23 57 5 8 22 3 23 45 10 44 31 48 39 0 51 25 19 33 9 55 32 50 24 31 21 19 49 23 50 0 43 28 16 56 5 10 1 59 7 53 16 13 48 41 58 0 59 12 25 2 48 13 50 3 47 1 23 21 32 41 54 33 9 30 53 39 1 17 58 34 18 39 35 2 27 58 36 23 20 39 38 47 58 50 16 45 6 16 15 1 46 48 39 12 33 46 18 40 21 42 6 48 59 44 19 22 18 33 33 23 40 12 39 21 46 16 30 48 6 3 19 42 48 44 57 21 6 2 50 15 17 48 36 38 6 6 43 6 10 30 46 46 31 21 23 19 47 17 13 5 26 22 53 57 56 25 1 32 40 21 37 9 1 13 12 18 32 35 48 13 11 23 57 34 25 5 4 30 27 30 15 2 47 50 46 38 3 18 5 1 52 4 21 53 5 23 54 45 12 59 37 40 21 34 36 22 7 57 27 37 24 50 34 20 12 46 53 0 53 0 23 24 53 4 52 24 53 39 2 48 47 16 39 30 12 24 18 9 41 51 11 49 59 39 5 20 29 50 31 39 30 59 14 10 48 26 23 30 17 17 36 45 32 24 2 56 12 33 43 29 17 45 17 53 32 19 40 44 59 51 11 40 53 59 18 53 36 13 41 26 52 57 57 9 59 42 14 21 28 33 15 21 26 47 49 38 23 43 39 17 9 39 55 55 0 12 0 30 1 2 31 21 52 46 59 45 13 55 14 50 10 27 10 57 21 19 59 15 12 19 10 40 
87 188 245 315 401 
401 371 1
188 168 1
315 278 2
188 102 3
87 56 5
188 176 5
188 173 10
245 184 11
315 225 13
315 314 14
315 224 15
188 148 17
245 240 18
401 359 18
401 306 19
87 50 21
87 9 23
87 24 26
188 108 26
245 219 27
401 325 28
315 269 28
401 332 31
245 194 32
87 75 33
87 42 34
401 357 36
188 125 37
87 74 38
188 143 40
245 203 44
188 165 44
401 347 44
188 101 45
245 239 47
401 392 48
401 333 49
315 313 50
188 117 51
188 180 53
245 189 53
245 223 53
245 152 54
315 227 54
401 395 54
245 159 54
87 29 54
401 317 56
401 355 56
188 151 56
315 310 56
401 345 57
401 379 58
87 84 58
87 85 58
87 83 60
87 72 60
245 222 60
401 315 61
401 396 61
87 41 61
245 230 61
188 99 61
87 13 62
245 161 62
401 381 62
188 106 63
188 183 63
245 165 65
188 113 67
245 191 67
245 196 67
245 197 68
401 383 69
401 343 69
87 997 70
315 315 70
401 305 73
188 142 74
401 318 74
245 173 75
401 361 77
401 390 81
245 156 81
87 10 83
87 999 85
87 68 85
87 73 85
315 217 86
87 45 88
315 279 88
245 241 89
188 178 91
245 147 93
87 6 93
315 303 93
188 116 97
188 110 97
245 177 100
315 274 100
188 115 101
188 150 101
315 237 102
188 93 102
245 218 103
188 131 105
245 172 105
87 21 107
315 282 108
245 210 108
188 124 109
245 154 110
315 243 110
245 150 111
245 158 112
245 148 113
315 261 117
245 226 117
188 154 118
188 141 118
87 26 120
188 166 122
315 248 122
401 344 125
315 283 126
245 169 129
188 158 129
401 369 133
245 157 136
87 71 139
188 128 140
315 234 142
87 3 142
401 338 143
401 401 144
401 364 144
188 174 146
87 80 146
315 306 149
401 329 151
188 132 152
87 22 152
245 227 153
245 166 153
401 356 154
87 59 155
245 193 155
245 179 156
245 171 158
87 996 159
87 55 159
87 81 160
188 170 161
401 385 161
188 105 163
315 309 167
87 18 167
315 304 168
401 330 168
245 220 168
401 342 168
245 245 170
245 217 172
401 397 175
401 326 176
315 229 178
188 119 178
188 118 178
188 103 178
401 321 179
245 167 179
401 367 179
401 380 179
188 114 180
401 375 180
245 237 182
315 289 184
188 112 185
315 308 186
188 157 186
87 993 188
188 139 190
87 35 190
401 378 190
401 313 192
401 391 193
87 991 195
315 292 196
401 374 196
245 205 197
245 162 197
87 79 198
87 998 199
401 370 201
315 288 204
188 145 205
401 331 205
245 149 206
245 180 207
401 376 208
87 4 210
245 155 211
87 30 211
188 137 214
245 700 214
315 272 215
245 233 215
315 265 215
245 208 217
188 130 218
245 229 219
315 306 220
315 235 220
87 36 220
315 219 220
245 192 222
315 240 222
401 387 223
188 162 223
315 306 224
87 33 225
188 109 226
401 394 227
245 175 229
315 300 230
315 236 231
87 69 232
188 149 232
401 337 233
245 236 234
315 230 236
245 225 238
87 87 238
315 305 239
315 297 241
188 175 242
245 213 244
315 38 244
401 346 245
87 52 245
188 89 245
401 365 246
401 362 247
315 263 247
401 382 249
401 368 251
401 304 252
87 54 253
401 312 258
87 0 258
188 188 259
315 238 259
315 301 259
315 242 263
188 179 263
188 152 265
315 231 265
315 250 268
188 126 268
401 316 269
87 989 272
188 95 272
401 386 273
401 308 274
315 254 274
188 184 274
188 161 275
315 257 276
87 76 279
188 92 280
401 372 280
87 49 282
245 178 284
401 384 284
315 271 284
245 232 285
315 275 285
87 994 285
87 86 286
87 20 287
315 273 288
245 201 293
315 302 293
315 258 294
87 905 294
245 188 296
401 400 296
245 153 296
188 135 296
245 151 301
87 57 303
87 82 303
188 133 304
245 243 305
188 138 307
188 121 307
188 120 309
401 389 309
245 174 310
188 140 310
245 186 312
315 268 315
188 177 315
87 1 317
87 62 317
87 2 317
188 182 319
401 363 321
315 256 324
245 228 324
401 341 326
245 206 327
401 351 327
87 19 330
245 221 331
401 354 331
188 172 332
401 366 335
87 43 338
401 348 339
315 260 339
315 247 339
188 160 341
245 204 343
315 284 347
87 7 348
188 122 351
401 307 353
87 965 354
245 198 354
87 16 354
87 12 357
87 444 359
87 48 359
245 170 363
245 244 363
315 264 365
87 23 365
188 159 366
401 328 366
87 47 370
401 360 370
188 164 371
245 163 371
188 127 371
87 63 373
401 303 376
401 349 376
188 147 377
87 8 379
245 216 381
87 25 384
87 70 385
315 280 387
315 311 387
401 398 388
87 64 390
315 307 391
315 245 392
401 353 394
315 812 394
245 195 400
315 253 403
401 358 403
245 231 404
87 31 404
188 187 405
87 11 406
315 251 406
401 314 407
87 990 407
87 40 407
188 146 408
87 34 410
315 290 413
245 202 414
401 373 415
188 90 416
245 187 416
188 181 416
188 167 419
315 241 419
401 377 423
245 183 423
188 156 424
315 294 425
245 199 425
401 350 426
188 94 427
188 134 428
87 5 429
188 91 431
245 160 432
87 51 433
87 17 435
245 182 435
315 291 440
315 221 441
315 286 441
315 233 442
401 334 442
245 190 443
401 340 448
315 298 448
315 232 449
87 44 449
315 293 452
245 146 452
87 58 453
315 216 453
87 27 453
87 65 453
245 214 458
87 992 460
188 96 461
87 66 461
87 37 463
245 215 463
188 163 466
245 185 467
401 309 468
87 39 468
245 224 468
245 181 469
401 388 470
401 324 471
315 266 471
315 255 473
315 244 474
315 287 474
87 78 474
245 207 478
315 218 480
401 310 483
401 311 484
315 281 485
245 200 487
315 299 488
401 393 489
188 171 492
315 285 492
315 222 493
245 242 494
188 155 494
315 252 495
188 107 496
87 14 497
401 399 498
315 267 499
87 53 499
87 38 501
188 123 502
188 144 505
315 276 506
401 323 507
245 238 508
188 97 509
401 320 509
188 186 512
87 60 512
87 999 515
401 319 515
315 239 516
401 336 517
401 327 518
315 259 519
188 100 520
315 228 520
188 104 522
315 246 523
401 352 523
188 169 524
87 67 525
245 209 526
315 223 529
315 226 530
315 220 531
315 296 532
87 905 534
245 164 534
401 322 534
87 61 534
401 335 535
315 277 535
87 15 536
245 176 536
87 77 537
87 32 538
87 995 538
188 185 538
401 302 540
401 339 541
245 235 542
315 262 543
188 111 544
188 98 545
315 312 547
188 136 548
315 295 549
188 129 550
87 46 550
315 270 551
245 211 558
245 212 560
87 28 561
315 249 565
188 153 568
245 234 577
245 168 583